0,48 0,63 0,53 0,39 -0,65 -0,39
-0,36 -0,63 0,70 -0,03 -0,93 0,13
0,15 0,82 0,27 0,45 -0,45 -0,23
0,12 0,29 -0,36 0,33 -0,91 -0,20
0,48 0,00 -0,65 0,12 -0,29 0,82
0,48 0,63 0,53 0,39 -0,65 -0,39
-0,36 -0,63 0,70 -0,03 -0,93 0,13
0,15 0,82 0,27 0,45 -0,45 -0,23
0,12 0,29 -0,36 0,33 -0,91 -0,20
0,48 0,00 -0,65 0,12 -0,29 0,82
0,48 0,63 0,53 0,39 -0,65 -0,39
-0,36 -0,63 0,70 -0,03 -0,93 0,13
0,15 0,82 0,27 0,45 -0,45 -0,23
0,12 0,29 -0,36 0,33 -0,91 -0,20
0,48 0,00 -0,65 0,12 -0,29 0,82
0,48 0,63 0,53 0,39 -0,65 -0,39
-0,36 -0,63 0,70 -0,03 -0,93 0,13
0,15 0,82 0,27 0,45 -0,45 -0,23
0,12 0,29 -0,36 0,33 -0,91 -0,20
0,48 0,00 -0,65 0,12 -0,29 0,82
